30
151
2 10
2 11
2 12
2 13
2 14
2 15
2 16
2 17
2 18
2 19
3 9
3 19
4 9
4 11
4 19
5 9
5 19
6 9
6 10
6 11
6 12
6 13
6 14
6 19
7 19
8 4
8 5
8 6
8 7
8 8
8 9
8 10
8 11
8 12
8 13
8 14
8 19
9 3
9 19
9 21
9 22
9 23
9 24
9 25
9 26
10 3
10 19
10 21
10 26
11 3
11 19
11 21
11 26
12 3
12 19
12 21
12 26
13 3
13 10
13 11
13 12
13 13
13 14
13 15
13 16
13 17
13 18
13 19
13 21
13 26
14 3
14 8
14 21
14 26
15 3
15 8
15 26
16 3
16 8
16 10
16 11
16 12
16 13
16 14
16 15
16 16
16 17
16 18
16 19
16 20
16 26
17 3
17 8
17 10
17 26
18 3
18 8
18 10
18 26
19 3
19 8
19 10
19 26
20 3
20 8
20 10
20 26
21 3
21 4
21 5
21 6
21 7
21 8
21 10
21 26
22 10
22 16
22 17
22 18
22 19
22 20
22 21
22 22
22 23
22 24
22 25
23 10
24 10
24 16
24 17
24 18
24 19
24 20
24 21
25 10
25 21
26 10
26 19
26 21
27 10
27 21
28 11
28 12
28 13
28 14
28 15
28 16
28 17
28 18
28 19
28 20
